Levak

36.000000 12.000000 36.000000 27.000000
36.000000 12.000000 51.000000 12.000000
36.000000 27.000000 51.000000 27.000000
51.000000 12.000000 53.000000 16.000000
53.000000 16.000000 61.000000 18.900000
61.000000 20.100000 53.000000 23.000000
53.000000 23.000000 51.000000 27.000000

Pravougaonik

36.000000 12.000000 36.000000 27.000000
36.000000 12.000000 51.000000 12.000000
36.000000 27.000000 51.000000 27.000000
51.000000 12.000000 61.000000 12.000000
61.000000 12.000000 61.000000 18.900000
61.000000 20.100000 61.000000 27.000000
61.000000 27.000000 51.000000 27.000000

Prosirenje

36.000000 12.000000 36.000000 27.000000
36.000000 12.000000 51.000000 12.000000
36.000000 27.000000 51.000000 27.000000
51.000000 12.000000 51.000000 18.000000
51.000000 27.000000 51.000000 21.000000
51.000000 18.000000 56.000000 18.000000
56.000000 18.000000 59.000000 15.000000
59.000000 15.000000 62.000000 18.000000
51.000000 21.000000 56.000000 21.000000
56.000000 21.000000 59.000000 24.000000
59.000000 24.000000 62.000000 21.000000
62.000000 21.000000 67.000000 21.000000
62.000000 18.000000 67.000000 18.000000

pravougaonik sa stubom

36.000000 12.000000 36.000000 27.000000
36.000000 12.000000 51.000000 12.000000
36.000000 27.000000 51.000000 27.000000
51.000000 12.000000 61.000000 12.000000
61.000000 12.000000 61.000000 18.900000
61.000000 20.100000 61.000000 27.000000
61.000000 27.000000 51.000000 27.000000
58.500000 19.000000 59.500000 20.000000
59.500000 20.000000 58.500000 21.000000
58.500000 21.000000 57.500000 20.000000
57.500000 20.000000 58.500000 19.000000